# Camera list with one line of data per camera:
#   CAMERA_ID, MODEL, WIDTH, HEIGHT, PARAMS[]
# Number of cameras: 40
1 SIMPLE_RADIAL 768 1024 818.17066669429767 384 512 0.10884981409133432
2 SIMPLE_RADIAL 768 1024 860.64637035358214 384 512 0.014423137898160559
3 SIMPLE_RADIAL 768 1024 790.53125533231321 384 512 0.09598947672138862
4 SIMPLE_RADIAL 768 1024 1084.162570712836 384 512 -0.61235420240158744
5 SIMPLE_RADIAL 768 1024 821.94295966780032 384 512 -0.018395493735484974
6 SIMPLE_RADIAL 768 1024 863.91154899909941 384 512 -0.019536678146341642
7 SIMPLE_RADIAL 768 1024 711.03215128569093 384 512 0.21254473473501639
8 SIMPLE_RADIAL 768 1024 845.57608420342092 384 512 -0.038331042069764232
9 SIMPLE_RADIAL 768 1024 714.15004439618156 384 512 0.18896771006501953
10 SIMPLE_RADIAL 768 1024 915.78495380830861 384 512 -0.13648959838445507
12 SIMPLE_RADIAL 768 1024 841.73763173840246 384 512 -0.0091019726687932307
13 SIMPLE_RADIAL 768 1024 789.58638246169869 384 512 0.034664134745967932
14 SIMPLE_RADIAL 768 1024 744.94562337679292 384 512 0.078506344007236398
15 SIMPLE_RADIAL 768 1024 766.19187922411891 384 512 0.089665945912179232
16 SIMPLE_RADIAL 768 1024 708.63342601372517 384 512 0.18300222309949135
17 SIMPLE_RADIAL 768 1024 843.93816085468279 384 512 -0.018206540761208402
18 SIMPLE_RADIAL 768 1024 798.19908266281595 384 512 0.073363214904907131
19 SIMPLE_RADIAL 768 1024 843.74022091465645 384 512 -0.010429525758004579
20 SIMPLE_RADIAL 768 1024 835.04331689978289 384 512 0.015392543062388518
21 SIMPLE_RADIAL 768 1024 838.08390987517964 384 512 0.02979176624360811
22 SIMPLE_RADIAL 768 1024 880.51227969563593 384 512 -0.023859208669535739
23 SIMPLE_RADIAL 768 1024 794.15825903264704 384 512 0.028068977673373779
24 SIMPLE_RADIAL 768 1024 652.53367307659914 384 512 0.24872717792504834
25 SIMPLE_RADIAL 768 1024 733.2790115206725 384 512 0.15117352076616103
26 SIMPLE_RADIAL 768 1024 800.90340764727807 384 512 0.020554576852832022
27 SIMPLE_RADIAL 768 1024 838.26627614301105 384 512 -0.031938446791399268
28 SIMPLE_RADIAL 768 1024 800.44316173762945 384 512 0.040852883814385871
29 SIMPLE_RADIAL 768 1024 799.52075227806142 384 512 0.029653441245848702
30 SIMPLE_RADIAL 768 1024 798.04155378503776 384 512 0.0090488141490177622
31 SIMPLE_RADIAL 768 1024 815.06226541360684 384 512 -0.016929080636313067
32 SIMPLE_RADIAL 768 1024 804.58357682494579 384 512 0.11218813049053694
33 SIMPLE_RADIAL 768 1024 844.76289207423179 384 512 -0.013417027315163442
34 SIMPLE_RADIAL 768 1024 822.54055599706851 384 512 0.0075678134724523468
35 SIMPLE_RADIAL 768 1024 747.64266388467547 384 512 0.10915397083821317
36 SIMPLE_RADIAL 768 1024 704.45017408072272 384 512 0.1772029979644508
37 SIMPLE_RADIAL 768 1024 795.48884761985289 384 512 0.011890711313261998
38 SIMPLE_RADIAL 768 1024 811.20994884379286 384 512 0.036271372898099591
39 SIMPLE_RADIAL 768 1024 779.97928645180502 384 512 0.076452608317187865
40 SIMPLE_RADIAL 768 1024 682.04549729519113 384 512 0.22409004420776876
41 SIMPLE_RADIAL 768 1024 739.39196369059948 384 512 0.077473678860528028
