# Frame list with one line of data per frame:
#   FRAME_ID, RIG_ID, RIG_FROM_WORLD[QW, QX, QY, QZ, TX, TY, TZ], NUM_DATA_IDS, DATA_IDS[] as (SENSOR_TYPE, SENSOR_ID, DATA_ID)
# Number of frames: 40
1 1 0.28670420150829845 0.12901952203354244 0.71152101226185671 0.62840473652065043 -0.52219765657827488 -3.5742953058781697 5.4503688904820811 1 CAMERA 1 1
2 2 -0.27941408443914451 0.1937547261967251 0.72302808139671182 0.60134621392776466 0.098835528511701326 -3.0522315322954512 4.7336046667656255 1 CAMERA 2 2
3 3 0.629428173822703 -0.16647908636614717 -0.59842043843829196 -0.46690241663567422 0.49601230700210569 -2.9206534691381734 2.9864254478135654 1 CAMERA 3 3
4 4 0.75801425328629179 -0.226858006624059 -0.56259881520801236 -0.23965059935648994 0.96760660196000381 -3.6703348246556562 5.0082480971496768 1 CAMERA 4 4
5 5 0.92299144887296147 0.12052075197019355 -0.32190068649694192 -0.17303607047297362 0.83540296922759061 -0.8614638895771809 1.2596781822283662 1 CAMERA 5 5
6 6 0.9268147375764757 0.024525178959492241 0.15764581391279237 0.33994228210657568 -0.47570140473645056 -2.4625947542220219 2.1983102955998448 1 CAMERA 6 6
7 7 0.97727181060944646 -0.055347718600472134 -0.041859324860780991 0.20031034710183326 0.17173592755767789 -2.5177169497602563 1.8591579042973956 1 CAMERA 7 7
8 8 0.94532665940150118 0.040365598582330943 -0.066088132097451277 0.31679722895214596 0.88480910641406829 -1.7505784157901216 1.7972316257455545 1 CAMERA 8 8
9 9 0.58227360018777286 0.095674371868949712 0.5682947129525725 0.5734500748295398 -1.0056897605828756 -3.2965128074719163 3.0988405526390905 1 CAMERA 9 9
10 10 0.11157177520770095 0.19296008613577095 0.65944710855631861 0.71794683309573071 -0.64296331322120914 -3.069015164632213 4.0454058485094002 1 CAMERA 10 10
12 12 0.76633413507698667 -0.28262586452576194 -0.538927626847023 -0.20594083407111932 0.786021130178164 -3.7183441852517447 4.1676503930014457 1 CAMERA 12 12
13 13 0.7709993698129386 0.0037853819116901396 -0.55389591640786651 -0.31423710223098106 1.7631540166489879 -1.6884389352535976 2.6486478246505114 1 CAMERA 13 13
14 14 0.91246742744969178 0.029840239045831683 -0.23124029583393879 -0.33621522803058979 -0.58656417457231658 -0.67041612674827933 1.3278266100358218 1 CAMERA 14 14
15 15 0.91938872167553332 -0.16869360937852856 -0.28584589909251007 -0.21108994903279396 -0.31428229576091726 -2.5361215308158851 2.1542028179338129 1 CAMERA 15 15
16 16 0.8969743863838302 -0.19682774107156412 -0.3613366667553024 -0.16165272584829526 0.36895166006221808 -2.9814807732324935 2.3686196172746761 1 CAMERA 16 16
17 17 0.99467903521989731 0.049256431435009983 -0.042355218606499954 0.079959091497453602 -0.53676768391658458 -1.4373359466056053 1.8636989078365358 1 CAMERA 17 17
18 18 0.99244664478203859 -0.033414976157510871 0.0083717192067603256 0.11774128819912899 -0.70835439937269307 -2.3273459812801782 2.147985994953816 1 CAMERA 18 18
19 19 0.89870863280292246 0.15427070171140253 0.19526055745745649 0.36110477512818456 -1.0698258888837455 -1.3362701535516446 2.2517156833118839 1 CAMERA 19 19
20 20 0.85522541670670527 0.12161846414421791 0.33170057978114509 0.37917431502001303 -1.5279271285897968 -1.891665320707981 2.4890768815190989 1 CAMERA 20 20
21 21 0.82420659169175348 0.017149180809625405 0.40570918240668558 0.39470173437713779 -1.4526492839858047 -2.8880320179275878 3.2183931192437738 1 CAMERA 21 21
22 22 0.90329602198726677 0.11820453654758635 0.24934219033441749 0.32850031403453039 -1.3604607992822813 -1.7978650743613538 2.7335307829925912 1 CAMERA 22 22
23 23 0.70182577201065444 0.23622969442971697 0.38134585582590669 0.55336376413323107 -1.595532957508119 -1.5972165145845982 2.5774919777329672 1 CAMERA 23 23
24 24 0.49461611572786229 0.18938195331358704 0.58870873960313841 0.61066471466451733 -1.3305916477929678 -3.0653767793191196 2.4184841175766323 1 CAMERA 24 24
25 25 0.60538101659726673 0.089110628398892638 0.55514642719166496 0.56336982970899674 -0.95436133836107151 -3.3531877442065969 3.1579777929386603 1 CAMERA 25 25
26 26 0.5542265637395184 0.18093164999298234 0.48248474548785614 0.65368579948460059 -1.1558324255283596 -2.0518484204823944 2.6610245350970323 1 CAMERA 26 26
27 27 0.21540541303549687 0.40117479203281353 0.56770527747009769 0.68583526608438206 -2.3777611111375001 -2.0401093845174918 3.5373078519018022 1 CAMERA 27 27
28 28 0.065680512525060797 0.063831334457197603 0.51913322871891054 0.84977192343342234 0.70883907190973661 -2.1663900090654171 2.1663645582007409 1 CAMERA 28 28
29 29 0.36733186377814864 0.17136559388450903 0.36247017380727303 0.83923566903820679 -0.14258127884985711 -1.0517632587723729 1.4117652800471239 1 CAMERA 29 29
30 30 0.0033504653739980465 0.39970270959756038 0.43704028898233599 0.80574332397382142 -2.1474437703195668 -0.85988687266542607 2.0197245588802031 1 CAMERA 30 30
31 31 -0.28616243613071252 0.24759776998123634 0.44602475203913866 0.81109082414762868 -1.1538994484984582 -1.0292164925519904 1.8087441714505625 1 CAMERA 31 31
32 32 0.82831120752428056 0.007270442213395221 0.16929592654801923 0.53402862602480172 0.43770936429639978 -2.4683337596955259 2.3264074289929391 1 CAMERA 32 32
33 33 0.77849409020734461 0.039884609649629379 0.14050688340381631 0.61042115391054541 0.82233433758451879 -1.5253885018547235 2.4937565177077259 1 CAMERA 33 33
34 34 0.95892681126552204 -0.013687137475016743 -0.13328207515487414 0.25001584219062678 0.68489033881387762 -1.9366978911658357 2.010569786012518 1 CAMERA 34 34
35 35 0.97514927660878115 -0.02430387511404386 -0.20162668684514612 0.088543148439961444 0.75696411362969296 -1.9356522193797521 1.8673616547376879 1 CAMERA 35 35
36 36 0.95258482156415347 -0.031213257995880553 -0.30202938102840782 -0.019650527892890731 1.0602297818037629 -2.1002898721031587 1.8711255397863515 1 CAMERA 36 36
37 37 0.91573987351897745 0.034816909392582487 -0.39906424900871112 0.030919120797806274 2.122727454829624 -1.3176442753494577 2.3093526319212732 1 CAMERA 37 37
38 38 0.9993209524312987 -0.00020424796437590694 -0.036837414140440131 -0.00077280917244932159 -0.77444360972639226 -1.9790840181239269 1.8065597738867802 1 CAMERA 38 38
39 39 0.78812545059325922 0.11266427273682332 -0.58242832356103924 -0.16414104815594435 2.9041231254114668 -1.226806121943014 2.3438900590107834 1 CAMERA 39 39
40 40 0.72560624342020608 0.14862941174492442 -0.57801883553742939 -0.34248956661178537 2.4870202562298611 -1.163865874012429 1.6758385851066271 1 CAMERA 40 40
41 41 0.87686163389526506 0.11771680149235593 -0.2753651704649423 -0.37607240332647213 0.14287171912204477 -0.11651886392494651 0.88549502957369219 1 CAMERA 41 41
